8
254
206
159
195
112
108
105
103
103
105
108
105
103
103
105
107
103
102
103
105
105
103
102
103
105
104
102
102
103
105
103
102
102
103
104
103
99
99
103
104
103
99
99
102
103
103
102
99
99
103
103
102
99
99
102
103
103
99
97
99
103
103
102
97
99
102
103
102
97
97
99
102
103
99
97
97
99
102
102
99
97
97
99
102
102
97
96
97
99
102
99
97
96
97
99
102
99
97
96
96
99
100
99
96
96
96
97
99
99
97
96
96
97
99
99
97
96
96
96
97
99
97
96
96
96
96
99
99
97
96
96
96
97
99
97
96
96
96
96
99
97
96
96
96
96
97
97
96
96
96
96
96
97
97
96
96
96
96
97
97
96
96
96
96
96
97
96
96
94
96
96
97
97
96
96
94
96
97
97
96
96
94
96
96
97
96
96
94
94
96
97
97
96
96
94
96
96
97
96
96
94
96
96
97
97
96
96
94
96
96
97
96
96
92
96
96
97
96
96
94
92
96
96
97
96
96
92
96
96
97
96
96
92
92
96
96
96
96
94
92
96
96
96
96
96
92
94
96
96
96
96
92
92
96
96
96
96
96
92
94
96
96
96
96
92
92
96
96
96
96
94
92
94
96
96
96
96
92
92
96
96
96
96
92
92
96
96
96
96
96
92
94
96
96
96
96
92
92
96
96
96
96
94
92
94
96
96
96
96
92
92
96
96
96
96
92
92
94
96
96
96
96
92
92
96
96
96
96
92
92
96
96
96
96
94
92
92
96
96
96
96
92
92
96
96
96
96
92
92
94
96
96
96
96
92
92
96
96
96
96
92
92
96
96
96
96
96
92
92
96
96
96
96
92
92
96
96
96
96
94
92
94
96
96
96
96
92
92
96
96
96
96
92
92
94
96
96
96
96
92
92
96
96
96
96
92
92
96
96
96
96
94
92
92
96
96
96
96
92
92
96
96
96
96
92
92
94
96
96
96
96
92
92
96
96
96
96
92
92
94
96
96
96
94
92
92
96
96
96
96
92
92
96
96
96
96
94
92
94
96
96
96
96
92
92
96
96
96
96
92
92
94
96
96
96
96
92
92
96
96
96
96
92
92
96
96
96
96
94
92
92
96
96
96
96
92
92
96
96
96
96
92
92
94
96
96
96
96
92
92
96
96
96
96
92
92
96
96
96
96
96
92
92
96
96
96
96
92
92
96
96
96
96
94
92
94
96
96
96
96
92
92
96
96
96
96
92
92
94
96
96
96
96
92
92
96
96
96
96
92
92
96
96
96
96
94
92
92
96
96
96
96
92
92
96
96
96
96
92
92
94
96
96
96
96
92
92
96
96
96
96
92
92
94
96
96
96
94
92
92
96
96
96
96
92
92
96
96
96
96
94
92
94
96
96
96
96
92
92
96
96
96
96
92
92
94
96
96
96
96
92
92
96
96
96
96
92
92
96
96
96
96
94
92
92
96
96
96
96
92
92
96
96
96
96
92
92
94
96
96
96
96
92
92
96
96
96
96
92
92
94
96
96
96
94
92
92
96
96
96
96
92
92
96
96
96
96
94
92
94
96
96
96
96
92
92
96
96
96
96
92
92
94
96
96
96
96
92
92
96
96
96
96
92
92
96
96
96
96
94
92
92
96
96
96
96
92
92
96
96
96
96
92
92
94
96
96
96
96
92
92
96
96
96
96
92
92
94
96
96
96
96
92
92
96
96
96
96
92
92
96
96
96
96
96
92
94
96
96
96
96
92
92
96
96
96
96
94
92
96
96
96
96
96
92
92
96
96
96
96
92
92
94
96
96
96
94
92
92
96
96
96
96
92
92
94
96
96
96
92
91
92
96
96
96
92
89
91
94
96
96
94
89
89
92
96
96
96
92
89
89
94
96
96
92
89
89
92
96
96
94
91
89
92
96
96
96
92
89
89
94
96
96
96
92
89
92
96
97
96
96
89
92
96
99
99
96
92
92
96
99
100
97
96
94
96
99
102
99
96
96
96
102
103
99
96
96
99
103
103
99
96
97
102
107
103
99
97
102
108
108
103
99
103
110
112
105
102
107
113
112
105
103
112
116
113
107
105
115
120
115
108
112
120
123
118
110
113
124
126
118
112
120
128
128
119
113
124
134
129
118
115
128
135
128
115
118
131
135
127
113
120
135
139
126
113
124
140
139
124
113
128
143
139
120
113
134
145
135
116
115
135
145
131
112
118
139
143
127
108
120
142
143
121
108
126
150
143
120
108
134
158
145
118
113
145
171
159
131
137
182
207
192
145
159
207
227
192
150
174
225
231
192
143
183
240
231
167
134
193
247
220
143
134
204
247
204
123
135
216
243
179
103
140
224
232
153
81
120
217
233
150
67
103
206
231
143
56
86
163
225
167
56
49
119
214
185
76
31
78
158
207
135
28
40
118
199
156
46
15
76
158
192
103
9
15
88
167
172
79
7
7
54
134
179
110
7
3
44
121
174
112
3
0
31
112
169
112
6
0
24
103
166
113
7
0
17
96
159
140
38
0
15
88
156
143
47
0
7
56
135
167
81
0
0
24
103
169
115
1
0
17
96
163
143
38
0
14
91
163
151
48
0
7
56
139
172
84
0
0
24
108
176
119
6
0
19
99
167
147
39
0
14
92
166
153
51
0
7
60
142
176
87
0
0
24
108
176
120
7
0
20
102
176
127
14
0
38
120
177
110
0
0
31
113
179
115
0
0
24
108
179
120
6
0
19
103
179
127
14
0
38
120
179
112
0
0
31
115
179
115
0
0
25
110
179
120
6
0
19
102
179
127
14
0
38
120
177
112
0
0
30
115
177
115
0
0
24
108
177
120
6
0
19
100
176
126
12
0
38
120
177
110
0
0
31
113
177
115
0
0
24
108
177
120
4
0
17
102
177
126
12
0
38
120
179
110
0
0
31
115
177
113
0
0
25
108
177
120
6
0
19
102
177
127
12
0
39
124
179
112
0
0
31
115
179
115
0
0
24
108
177
120
6
0
17
99
171
151
41
0
14
94
167
156
51
0
7
57
143
176
88
0
0
24
108
179
120
7
0
17
102
177
127
12
0
38
120
179
112
0
0
31
113
179
115
1
0
24
108
177
120
6
0
19
102
176
126
12
0
38
120
177
110
0
0
31
113
176
113
1
0
24
108
176
120
7
0
19
99
171
150
44
0
14
92
167
155
54
0
7
57
142
176
88
3
0
24
105
176
120
7
0
19
99
169
150
41
0
15
96
167
156
56
0
8
60
143
176
88
3
0
24
108
177
120
7
0
19
102
177
127
15
0
38
120
179
112
0
0
31
115
179
115
3
0
24
108
179
120
7
0
19
102
177
127
14
0
38
120
179
112
0
0
31
115
179
118
1
0
25
108
179
121
7
0
19
103
179
128
14
0
38
121
179
112
0
0
31
115
182
118
1
0
24
110
179
123
7
0
19
103
179
128
15
0
38
121
182
112
0
0
31
115
179
118
1
0
25
110
179
121
6
0
19
102
179
127
15
0
38
121
179
112
0
0
31
115
179
118
1
0
25
110
179
121
8
0
19
103
179
127
15
0
38
123
179
112
0
0
31
115
179
118
3
0
24
110
179
120
7
0
19
102
179
127
15
0
38
121
179
112
0
0
31
115
179
116
3
0
25
110
179
121
7
0
19
103
179
128
15
0
39
121
182
113
0
0
31
115
182
118
3
0
25
110
182
123
9
0
19
102
179
128
15
0
38
121
179
112
0
0
31
115
179
115
0
0
24
108
179
120
7
0
19
102
179
127
15
0
38
121
179
112
0
0
31
116
182
118
227
233
255
255
184
79
102
207
255
184
75
88
167
249
206
96
62
124
227
224
230
230
230
230
230
230
230
230
230
230
230
230
230
230
230
230
230
230
230
230
230
230
230
230
230
230
230
230
230
230
230
230
230
230
230
230
230
230
230
230
230
230
230
230
230
230
230
230
230
230
230
230
230
230
230
230
230
230
230
230
230
230
230
230
230
230
230
230
230
230
230
230
230
230
230
230
230
230
230
230
230
230
230
230
230
230
230
230
230
230
230
230
230
230
230
230
230
230
230
230
230
230
230
230
230
230
230
230
230
230
230
230
230
230
230
230
230
230
230
230
230
230
230
230
230
230
230
230
230
230
230
230
230
230
230
230
230
230
230
230
230
230
230
230
230
230
230
230
230
230
230
230
230
230
230
230
230
230
230
123
78
150
254
238
128
71
137
243
233
131
63
124
231
231
131
56
110
220
227
129
48
96
179
233
159
48
57
135
224
182
68
31
96
179
217
128
31
54
137
211
156
41
22
92
176
193
99
19
30
104
230
230
230
230
230
230
230
230
230
230
230
230
230
230
230
230
230
230
230
230
216
119
55
113
224
224
124
49
103
211
224
124
43
88
172
227
152
31
39
118
207
167
48
7
40
127
199
136
16
3
54
142
192
107
0
0
39
126
182
230
230
230
230
230
230
230
230
230
230
230
230
230
230
230
230
230
230
231
192
76
48
112
219
214
108
35
96
184
224
135
30
51
135
214
159
39
15
86
174
195
97
12
19
97
176
169
230
230
230
230
230
230
230
230
230
230
230
230
230
230
230
230
230
231
255
174
79
108
220
255
172
67
88
174
249
195
76
49
121
227
215
103
39
103
214
207
102
27
86
172
209
124
230
230
230
230
230
230
230
230
230
230
230
230
230
230
230
230
230
236
183
71
60
129
230
207
97
48
89
172
227
158
47
54
127
216
177
63
30
87
168
207
124
25
46
126
198
143
230
230
230
230
230
230
230
230
230
230
230
230
230
230
230
230
230
230
230
230
230
230
230
230
230
230
230
230
230
230
230
230
230
230
230
230
230
230
230
230
230
230
230
230
230
230
230
230
230
230
230
230
230
230
230
230
230
230
230
230
230
230
230
230
230
230
230
230
230
230
230
230
230
230
230
230
230
230
230
230
230
230
230
230
230
230
230
230
230
230
230
230
230
230
230
230
230
230
230
230
230
230
230
230
230
230
230
230
230
230
230
230
230
230
230
230
230
230
230
230
230
230
230
230
230
230
230
230
230
230
230
230
230
230
230
230
230
230
230
230
230
230
230
230
230
230
230
230
230
230
230
230
230
230
230
230
230
230
230
230
230
230
230
230
230
230
230
230
230
230
230
230
230
230
230
230
230
230
230
230
230
230
230
230
230
230
230
230
230
230
230
230
230
230
